# This file may be used to create an environment using:
# $ conda create --name <env> --file <this file>
# platform: linux-64
_libgcc_mutex=0.1=conda_forge
_openmp_mutex=4.5=2_gnu
asttokens=2.4.1=pyhd8ed1ab_0
blas=1.0=openblas
bottleneck=1.3.7=py312ha883a20_0
brotli=1.0.9=h5eee18b_7
brotli-bin=1.0.9=h5eee18b_7
bzip2=1.0.8=hd590300_5
ca-certificates=2024.3.11=h06a4308_0
comm=0.2.2=pyhd8ed1ab_0
contourpy=1.2.0=py312hdb19cb5_0
cycler=0.11.0=pyhd3eb1b0_0
cyrus-sasl=2.1.28=h52b45da_1
dbus=1.13.18=hb2f20db_0
debugpy=1.8.1=py312h30efb56_0
decorator=5.1.1=pyhd8ed1ab_0
exceptiongroup=1.2.0=pyhd8ed1ab_2
executing=2.0.1=pyhd8ed1ab_0
expat=2.6.2=h59595ed_0
fontconfig=2.14.2=h14ed4e7_0
fonttools=4.25.0=pyhd3eb1b0_0
freetype=2.12.1=h4a9f257_0
glib=2.78.4=h6a678d5_0
glib-tools=2.78.4=h6a678d5_0
gst-plugins-base=1.14.1=h6a678d5_1
gstreamer=1.14.1=h5eee18b_1
icu=73.2=h59595ed_0
importlib-metadata=7.1.0=pyha770c72_0
importlib_metadata=7.1.0=hd8ed1ab_0
ipykernel=6.29.3=pyhd33586a_0
ipython=8.22.2=pyh707e725_0
jedi=0.19.1=pyhd8ed1ab_0
jpeg=9e=h5eee18b_1
jupyter_client=8.6.1=pyhd8ed1ab_0
jupyter_core=5.7.2=py312h7900ff3_0
kiwisolver=1.4.4=py312h6a678d5_0
krb5=1.20.1=h143b758_1
lcms2=2.12=h3be6417_0
ld_impl_linux-64=2.40=h41732ed_0
lerc=3.0=h295c915_0
libbrotlicommon=1.0.9=h5eee18b_7
libbrotlidec=1.0.9=h5eee18b_7
libbrotlienc=1.0.9=h5eee18b_7
libclang=14.0.6=default_hc6dbbc7_1
libclang13=14.0.6=default_he11475f_1
libcups=2.4.2=h2d74bed_1
libdeflate=1.8=h7f8727e_5
libedit=3.1.20230828=h5eee18b_0
libexpat=2.6.2=h59595ed_0
libffi=3.4.2=h7f98852_5
libgcc-ng=13.2.0=h807b86a_5
libgfortran-ng=11.2.0=h00389a5_1
libgfortran5=11.2.0=h1234567_1
libglib=2.78.4=hdc74915_0
libgomp=13.2.0=h807b86a_5
libiconv=1.17=hd590300_2
libllvm14=14.0.6=hdb19cb5_3
libnsl=2.0.1=hd590300_0
libopenblas=0.3.21=h043d6bf_0
libpng=1.6.39=h5eee18b_0
libpq=12.17=hdbd6064_0
libsodium=1.0.18=h36c2ea0_1
libsqlite=3.45.2=h2797004_0
libstdcxx-ng=13.2.0=h7e041cc_5
libtiff=4.4.0=hecacb30_2
libuuid=2.38.1=h0b41bf4_0
libwebp-base=1.3.2=h5eee18b_0
libxcb=1.15=h7f8727e_0
libxcrypt=4.4.36=hd590300_1
libxkbcommon=1.7.0=h662e7e4_0
libxml2=2.12.6=h232c23b_1
libzlib=1.2.13=hd590300_5
lz4-c=1.9.4=h6a678d5_0
matplotlib=3.8.0=py312h06a4308_0
matplotlib-base=3.8.0=py312h526ad5a_0
matplotlib-inline=0.1.6=pyhd8ed1ab_0
munkres=1.1.4=py_0
mysql=5.7.24=h721c034_2
ncurses=6.4.20240210=h59595ed_0
nest-asyncio=1.6.0=pyhd8ed1ab_0
numexpr=2.8.7=py312hf827012_0
numpy=1.26.4=py312h2809609_0
numpy-base=1.26.4=py312he1a6c75_0
openjpeg=2.4.0=h3ad879b_0
openssl=3.2.1=hd590300_1
packaging=24.0=pyhd8ed1ab_0
pandas=2.2.1=py312h526ad5a_0
parso=0.8.4=pyhd8ed1ab_0
pcre2=10.42=hebb0a14_0
pexpect=4.9.0=pyhd8ed1ab_0
pickleshare=0.7.5=py_1003
pillow=10.2.0=py312h5eee18b_0
pip=24.0=pyhd8ed1ab_0
platformdirs=4.2.0=pyhd8ed1ab_0
ply=3.11=py312h06a4308_1
prompt-toolkit=3.0.42=pyha770c72_0
psutil=5.9.8=py312h98912ed_0
ptyprocess=0.7.0=pyhd3deb0d_0
pure_eval=0.2.2=pyhd8ed1ab_0
pygments=2.17.2=pyhd8ed1ab_0
pyparsing=3.0.9=py312h06a4308_0
pyqt=5.15.10=py312h6a678d5_0
pyqt5-sip=12.13.0=py312h5eee18b_0
python=3.12.2=hab00c5b_0_cpython
python-dateutil=2.8.2=pypi_0
python-tzdata=2023.3=pyhd3eb1b0_0
python_abi=3.12=4_cp312
pytz=2023.3.post1=py312h06a4308_0
pyzmq=25.1.2=py312h886d080_0
qt-main=5.15.2=h53bd1ea_10
readline=8.2=h8228510_1
scipy=1.12.0=py312h2809609_0
seaborn=0.12.2=py312h06a4308_0
setuptools=69.2.0=pyhd8ed1ab_0
sip=6.7.12=py312h6a678d5_0
six=1.16.0=pyhd3eb1b0_1
sqlite=3.41.2=h5eee18b_0
stack_data=0.6.2=pyhd8ed1ab_0
tk=8.6.13=noxft_h4845f30_101
tornado=6.4=py312h98912ed_0
traitlets=5.14.2=pyhd8ed1ab_0
typing_extensions=4.11.0=pyha770c72_0
tzdata=2024a=h0c530f3_0
wcwidth=0.2.13=pyhd8ed1ab_0
wheel=0.43.0=pyhd8ed1ab_1
xkeyboard-config=2.41=hd590300_0
xorg-kbproto=1.0.7=h7f98852_1002
xorg-libx11=1.8.7=h8ee46fc_0
xorg-libxau=1.0.11=hd590300_0
xorg-xextproto=7.3.0=h0b41bf4_1003
xorg-xproto=7.0.31=h27cfd23_1007
xz=5.2.6=h166bdaf_0
zeromq=4.3.5=h59595ed_1
zipp=3.17.0=pyhd8ed1ab_0
zlib=1.2.13=hd590300_5
zstd=1.5.2=ha4553b6_0
